128 	 128 	 -1.480 	 4.587 
192 	 128 	 -1.537 	 4.300 
256 	 128 	 -1.653 	 3.848 
320 	 128 	 -1.736 	 3.365 
384 	 128 	 -1.962 	 2.980 
448 	 128 	 -1.954 	 2.558 
512 	 128 	 -2.001 	 2.147 
576 	 128 	 -2.210 	 1.794 
640 	 128 	 -2.278 	 1.289 
704 	 128 	 -2.417 	 0.964 
768 	 128 	 -2.504 	 0.639 
832 	 128 	 -2.566 	 0.116 
896 	 128 	 -2.668 	 -0.290 

128 	 192 	 -0.993 	 4.362 
192 	 192 	 -1.158 	 4.046 
256 	 192 	 -1.410 	 3.618 
320 	 192 	 -1.402 	 3.174 
384 	 192 	 -1.569 	 2.848 
448 	 192 	 -1.723 	 2.415 
512 	 192 	 -1.692 	 2.003 
576 	 192 	 -1.746 	 1.586 
640 	 192 	 -1.902 	 1.209 
704 	 192 	 -2.062 	 0.763 
768 	 192 	 -2.184 	 0.296 
832 	 192 	 -2.344 	 -0.132 
896 	 192 	 -2.318 	 -0.565 

128 	 256 	 -0.821 	 4.147 
192 	 256 	 -0.850 	 3.844 
256 	 256 	 -1.032 	 3.256 
320 	 256 	 -1.053 	 2.903 
384 	 256 	 -1.116 	 2.634 
448 	 256 	 -1.360 	 2.188 
512 	 256 	 -1.411 	 1.774 
576 	 256 	 -1.410 	 1.305 
640 	 256 	 -1.572 	 1.054 
704 	 256 	 -1.753 	 0.532 
768 	 256 	 -1.857 	 0.123 
832 	 256 	 -2.039 	 -0.237 
896 	 256 	 -2.003 	 -0.736 

128 	 320 	 -0.398 	 4.073 
192 	 320 	 -0.499 	 3.717 
256 	 320 	 -0.662 	 3.178 
320 	 320 	 -0.764 	 2.801 
384 	 320 	 -0.831 	 2.349 
448 	 320 	 -0.913 	 2.014 
512 	 320 	 -1.043 	 1.558 
576 	 320 	 -1.049 	 1.088 
640 	 320 	 -1.219 	 0.717 
704 	 320 	 -1.293 	 0.251 
768 	 320 	 -1.436 	 -0.043 
832 	 320 	 -1.635 	 -0.419 
896 	 320 	 -1.608 	 -0.977 

128 	 384 	 0.073 	 3.736 
192 	 384 	 -0.101 	 3.303 
256 	 384 	 -0.283 	 3.023 
320 	 384 	 -0.441 	 2.657 
384 	 384 	 -0.517 	 2.243 
448 	 384 	 -0.597 	 1.903 
512 	 384 	 -0.695 	 1.308 
576 	 384 	 -0.795 	 0.893 
640 	 384 	 -0.842 	 0.492 
704 	 384 	 -0.941 	 0.138 
768 	 384 	 -1.090 	 -0.296 
832 	 384 	 -1.278 	 -0.759 
896 	 384 	 -1.298 	 -1.147 

128 	 448 	 0.359 	 3.534 
192 	 448 	 0.254 	 3.115 
256 	 448 	 0.111 	 2.789 
320 	 448 	 0.030 	 2.346 
384 	 448 	 -0.086 	 2.004 
448 	 448 	 -0.183 	 1.589 
512 	 448 	 -0.313 	 1.048 
576 	 448 	 -0.484 	 0.680 
640 	 448 	 -0.468 	 0.243 
704 	 448 	 -0.572 	 -0.056 
768 	 448 	 -0.738 	 -0.553 
832 	 448 	 -0.935 	 -0.949 
896 	 448 	 -1.037 	 -1.301 

128 	 512 	 0.782 	 3.365 
192 	 512 	 0.668 	 2.953 
256 	 512 	 0.442 	 2.629 
320 	 512 	 0.305 	 2.205 
384 	 512 	 0.215 	 1.802 
448 	 512 	 0.097 	 1.381 
512 	 512 	 0.118 	 0.965 
576 	 512 	 0.061 	 0.463 
640 	 512 	 -0.203 	 0.064 
704 	 512 	 -0.295 	 -0.308 
768 	 512 	 -0.345 	 -0.741 
832 	 512 	 -0.549 	 -1.086 
896 	 512 	 -0.735 	 -1.536 

128 	 576 	 1.059 	 3.169 
192 	 576 	 1.080 	 2.759 
256 	 576 	 0.869 	 2.294 
320 	 576 	 0.695 	 1.894 
384 	 576 	 0.582 	 1.546 
448 	 576 	 0.326 	 1.150 
512 	 576 	 0.427 	 0.756 
576 	 576 	 0.385 	 0.264 
640 	 576 	 0.054 	 -0.063 
704 	 576 	 -0.103 	 -0.475 
768 	 576 	 -0.013 	 -0.947 
832 	 576 	 -0.107 	 -1.327 
896 	 576 	 -0.254 	 -1.742 

128 	 640 	 1.517 	 2.942 
192 	 640 	 1.472 	 2.604 
256 	 640 	 1.245 	 2.080 
320 	 640 	 1.013 	 1.695 
384 	 640 	 0.897 	 1.255 
448 	 640 	 0.855 	 0.817 
512 	 640 	 0.875 	 0.354 
576 	 640 	 0.792 	 0.037 
640 	 640 	 0.450 	 -0.259 
704 	 640 	 0.324 	 -0.727 
768 	 640 	 0.315 	 -1.092 
832 	 640 	 0.290 	 -1.609 
896 	 640 	 0.191 	 -2.023 

128 	 704 	 1.886 	 2.711 
192 	 704 	 1.794 	 2.313 
256 	 704 	 1.705 	 1.959 
320 	 704 	 1.390 	 1.537 
384 	 704 	 1.201 	 1.099 
448 	 704 	 1.199 	 0.670 
512 	 704 	 1.142 	 0.252 
576 	 704 	 1.005 	 -0.117 
640 	 704 	 0.892 	 -0.580 
704 	 704 	 0.750 	 -1.049 
768 	 704 	 0.732 	 -1.415 
832 	 704 	 0.649 	 -1.838 
896 	 704 	 0.516 	 -2.221 

128 	 768 	 2.135 	 2.497 
192 	 768 	 1.997 	 2.013 
256 	 768 	 1.932 	 1.613 
320 	 768 	 1.827 	 1.154 
384 	 768 	 1.642 	 0.807 
448 	 768 	 1.641 	 0.410 
512 	 768 	 1.479 	 0.018 
576 	 768 	 1.349 	 -0.417 
640 	 768 	 1.331 	 -0.819 
704 	 768 	 1.146 	 -1.236 
768 	 768 	 1.057 	 -1.716 
832 	 768 	 1.051 	 -2.012 
896 	 768 	 0.871 	 -2.433 

128 	 832 	 2.481 	 2.308 
192 	 832 	 2.422 	 1.792 
256 	 832 	 2.235 	 1.321 
320 	 832 	 2.174 	 0.946 
384 	 832 	 2.064 	 0.589 
448 	 832 	 1.995 	 0.130 
512 	 832 	 1.906 	 -0.211 
576 	 832 	 1.817 	 -0.583 
640 	 832 	 1.601 	 -0.970 
704 	 832 	 1.337 	 -1.423 
768 	 832 	 1.275 	 -1.877 
832 	 832 	 1.385 	 -2.266 
896 	 832 	 1.211 	 -2.681 

128 	 896 	 2.913 	 2.031 
192 	 896 	 2.841 	 1.629 
256 	 896 	 2.582 	 1.319 
320 	 896 	 2.570 	 0.886 
384 	 896 	 2.415 	 0.296 
448 	 896 	 2.244 	 -0.093 
512 	 896 	 2.169 	 -0.354 
576 	 896 	 2.116 	 -0.831 
640 	 896 	 1.976 	 -1.201 
704 	 896 	 1.650 	 -1.655 
768 	 896 	 1.718 	 -2.039 
832 	 896 	 1.876 	 -2.446 
896 	 896 	 1.575 	 -2.809 

